5792
12371
4834
8509
15792
9483
10685
9777
8631
6826
8204
9441
14134
14396
15463
15059
8243
2038
11913
17615
16734
17435
17080
5275
10235
4537
1405
6223
9845
9943
5752
7214
1686
5443
9854
9977
9334
7346
7180
5717
11289
12453
12651
8595
5124
2837
4500
5289
10001
8485
6825
3453
4654
8343
8483
12057
11047
10861
6836
3169
8019
7178
8265
1821
5953
6255
8711
16365
13080
21728
19246
17850
4302
9676
18476
16287
15050
16699
8786
10236
10638
14669
17532
15851
16193
15433
1255
10585
19250
15199
21566
26346
15978
15538
14962
25502
17640
19223
17723
17648
20451
21851
26980
24452
30184
29273
26164
31024
23444
12080
27057
23893
23886
22605
22963
23608
27657
32481
34427
31756
30345
28295
30446
35115
35990
32788
37762
37206
26813
28962
35068
38186
36162
44429
37687
26142
34006
33527
36272
36020
33076
33898
25985
27400
30636
38282
35952
38291
40179
33503
21196
16079
12706
36345
34390
32861
27910
32881
35453
37322
41386
39083
36801
31772
29829
26533
33832
40009
37326
39350
24937
27486
39758
34182
43484
41618
40599
16271
21588
39785
39839
39019
36962
27821
22347
26708
36174
37930
35900
32734
39687
32620
31853
39586
36671
35855
43302
40782
29619
29332
35960
39557
43602
43319
41201
32458
31325
39602
41321
40267
31878
39360
36088
32482
39912
41672
42149
43455
41967
39866
33654
40718
25692
44145
43174
40903
38777
30337
37446
39913
40721
39275
38033
34269
33059
38676
41052
42373
42801
41418
34053
32581
40043
43069
43004
42462
39572
33669
32875
33280
42344
43528
22023
47206
33282
34308
44367
48402
50780
50275
49946
42653
40099
47178
48664
48175
52706
51367
42559
38278
48009
48728
39450
34719
9444
16564
30214
44581
49720
50141
50179
37283
39348
38967
45584
49047
50000
48783
46486
31811
23978
36570
45377
49121
49604
44681
31713
29289
42166
44553
20736
45359
44521
31759
30622
44534
49326
49487
43006
47162
35586
32318
42262
21585
37705
37319
38970
25300
25991
40916
38939
41486
21890
38205
28038
23344
30136
32218
30295
13291
22829
15832
18453
30221
18399
23782
33917
34737
26355
24942
34139
35614
35305
39099
39059
31956
32001
32518
38660
35643
21960
30699
17776
17029
29800
22941
14817
18445
12331
13912
13176
18889
13347
22476
20375
11009
14587
15499
19593
18053
24569
27773
28709
20846
14275
22937
25211
21133
23780
28435
19178
12024
12718
17281
23419
23671
20950
0
0
0
0
6760
11944
16028
12964
16112
24334
28527
16203
27765
13669
16933
17605
19026
22740
22418
18747
16445
6625
4652
5883
14225
23572
22261
21959
24484
20052
28233
16133
9761
25102
22574
17226
25440
27957
30509
26195
24061
17369
18023
18832
31492
36521
41489
42252
38193
32770
27549
10930
31595
36067
35390
34647
24048
16676
26414
33496
40981
36495
34091
27474
22481
20344
31481
33674
38192
34448
21838
15321
12302
26236
29364
30400
30811
12698
23228
32048
23765
37538
38502
39676
36148
38838
43989
46075
44542
45568
48806
33631
37862
42303
34639
41931
37428
34878
38258
10697
38536
22858
31619
39903
18860
31078
31197
45724
44849
51181
52273
32391
42063
28662
42787
43396
44803
49184
52544
30524
37804
48578
34799
53441
52134
46943
34233
36881
32627
49774
54662
54401
38975
40973
22395
52130
51761
42063
52885
53235
40980
40636
49069
54813
55049
46198
54236
48901
45270
52247
53564
55749
53206
54186
43000
42992
47023
49593
54882
54843
